2 0.80 0.00 0.00 
3 0.86 0.05 0.08 
4 0.82 0.03 0.07 
5 0.70 0.07 0.17 
6 0.78 0.04 0.09 
7 0.82 0.03 0.07 
8 0.80 0.04 0.12 
9 0.74 0.04 0.12 
10 0.80 0.06 0.18 
11 0.75 0.05 0.15 
12 0.76 0.05 0.17 
13 0.71 0.04 0.13 
14 0.72 0.06 0.24 
15 0.76 0.04 0.16 
16 0.72 0.05 0.18 
17 0.66 0.06 0.23 
18 0.65 0.05 0.20 
19 0.74 0.06 0.25 
20 0.79 0.05 0.22 
21 0.71 0.06 0.27 
22 0.73 0.06 0.29 
23 0.69 0.07 0.31 
24 0.72 0.07 0.35 
25 0.80 0.05 0.24 
26 0.67 0.07 0.34 
27 0.72 0.07 0.34 
28 0.79 0.06 0.31 
29 0.78 0.06 0.34 
30 0.63 0.07 0.41 
31 0.63 0.08 0.44 
32 0.72 0.06 0.35 
33 0.71 0.07 0.39 
34 0.78 0.06 0.35 
35 0.63 0.07 0.40 
36 0.74 0.06 0.38 
37 0.69 0.07 0.42 
38 0.71 0.07 0.42 
39 0.77 0.06 0.39 
40 0.70 0.07 0.42 
41 0.72 0.06 0.41 
42 0.62 0.07 0.45 
43 0.70 0.07 0.45 
44 0.65 0.07 0.47 
45 0.69 0.07 0.45 
46 0.73 0.06 0.44 
47 0.70 0.06 0.45 
48 0.69 0.07 0.46 
49 0.71 0.06 0.45 
