2 0.62 0.01 0.02 
3 0.66 0.09 0.16 
4 0.68 0.03 0.07 
5 0.66 0.04 0.08 
6 0.67 0.05 0.13 
7 0.66 0.07 0.17 
8 0.65 0.06 0.16 
9 0.67 0.09 0.28 
10 0.66 0.08 0.24 
11 0.69 0.06 0.21 
12 0.68 0.04 0.14 
13 0.67 0.07 0.27 
14 0.67 0.09 0.35 
15 0.68 0.05 0.21 
16 0.67 0.08 0.31 
17 0.68 0.07 0.29 
18 0.67 0.08 0.35 
19 0.67 0.09 0.37 
20 0.66 0.08 0.36 
21 0.67 0.07 0.33 
22 0.67 0.08 0.36 
23 0.67 0.07 0.32 
24 0.67 0.07 0.34 
25 0.68 0.05 0.24 
26 0.69 0.07 0.34 
27 0.67 0.07 0.36 
28 0.70 0.06 0.34 
29 0.67 0.07 0.38 
30 0.72 0.07 0.36 
31 0.63 0.08 0.42 
32 0.67 0.06 0.37 
33 0.68 0.07 0.39 
34 0.71 0.06 0.37 
35 0.70 0.06 0.38 
36 0.68 0.07 0.41 
37 0.62 0.08 0.47 
38 0.66 0.07 0.45 
39 0.67 0.07 0.43 
40 0.68 0.07 0.44 
41 0.66 0.07 0.45 
42 0.68 0.07 0.45 
43 0.69 0.07 0.44 
44 0.67 0.07 0.45 
45 0.70 0.07 0.44 
46 0.70 0.07 0.45 
47 0.67 0.07 0.46 
48 0.69 0.07 0.46 
49 0.67 0.07 0.47 
